# Created by Octave 3.6.4, Tue Sep 30 12:42:00 2014 Pacific Daylight Time <unknown@Kai-Yung7>
# name: softmaxModel
# type: scalar struct
# ndims: 2
 1 1
# length: 3
# name: optTheta
# type: matrix
# rows: 10
# columns: 200
 -0.2373873925613987 -0.08206083825622128 -0.1590654387308505 -0.2483917840701679 -0.03325019559627086 0.4707853863142168 -0.08742603335751385 -0.1176993395067472 -0.1445810381665547 0.3950220756626985 -0.2520059140882081 0.4716147869758692 0.4704892534200311 -0.1091175696735535 -0.1967646523998351 -0.07898452793211561 -0.2376055868620545 -0.1686604214263357 -0.09461532058012999 -0.1497436639087509 -0.1444625019133524 -0.1793802662995183 -0.1981047212776458 -0.1344040729116442 0.3913958740382316 -0.1808820808114245 -0.1447736823100511 -0.1273796253661616 0.4724609999094529 -0.2703058411892683 0.4961650671221783 -0.05335158148223437 -0.2025953192443776 -0.2398597628215361 -0.1092242383848435 -0.1446591439555951 -0.1693033855526859 -0.17943951268823 0.4722368016733337 -0.1970686977702484 -0.2163078778491969 -3.892336034470536e-005 -0.1644436230808569 -0.1093343813517849 -0.1827706359806408 -0.2381753929858456 -0.1993378789796342 -0.1092130868074116 -0.1258778613638503 0.4957599434207242 0.4720427549789841 -0.1446150484237645 -0.1581740448279964 -0.2284106520857622 0.472009311463618 -0.1510649827799276 0.4967347973601307 -0.2819180056096491 -0.156516704701652 -0.1364850333217632 0.4720717004608825 -0.182777481438579 0.5039248275698328 0.3935162219691535 -0.2017718773277524 -0.1447433738961991 -0.1621868468755115 -0.1145669957486633 -0.1791375049049792 -0.1426369889448668 -0.245401176971755 -0.1972727674239769 -0.1574350545545843 -0.2083368855297305 -0.1799706053377127 -0.1627464133951346 0.4723109876077195 -0.1149892389068063 0.3933488416974912 -0.1299269728797409 -0.1677477306222098 -0.08039078642407578 -0.1248836430118396 -0.1617051446957951 0.4948144594857324 -0.1669490192524529 -0.1636668763979295 -0.1473475976314317 -0.1290182710786205 -0.1606122131881624 0.4928381047948847 -0.1247713137190762 -0.1590093613687168 -0.1444529604458207 0.4968502896063001 -0.1687336387307563 0.3919195761623616 -0.1744147602889256 -0.2119868466858127 -0.1933596126591723 -0.2375212088099044 0.493608395222611 -0.1799401079967884 -0.2436052215269569 -0.2321513505270119 -0.1794608315969178 -0.2084880203266241 -0.1932436977031031 -0.1213211292774635 -0.1751168328300464 -0.1760283899794936 -0.2737549384440757 -0.2594209885138703 -0.1506213850217909 -0.1447947884225844 -0.1438863755518696 -0.2571980660135625 0.3997932545033155 -0.2451799066585658 -0.144206735152936 -0.205089461223062 -0.1791749458005377 0.3929858430680442 0.3929351546484685 -0.1444796170430386 -0.2418250771734829 -0.1929889427537447 -0.0243575220746805 0.4715939439428735 -0.1781807294982505 0.4734071965166771 0.4929846600054765 -0.1086291961160616 -0.1501775054666488 -0.08959016463120285 -0.1717564233221897 0.3932336324150022 -0.150861762132046 -0.1280054550431624 -0.1255084638178776 -0.1444438488821154 0.4241863636152516 0.4722957997312973 -0.1536905696475372 -0.1497334401531258 -0.1438410496228775 -0.1092922183302606 -0.1935993649099122 -0.1887736352690338 -0.1668369190841569 0.396639650153939 -0.1760017383785486 -0.1600936541531347 0.4967673981651226 -0.1621351429295185 -0.1586634321726404 -0.2099206279817411 -0.2336791846660277 -0.1447104126292766 -0.1623239103260191 -0.2170854606889975 -0.1414975121428273 -0.1639140276029629 -0.144431198785957 -0.1796130282634392 -0.1808505255134546 -0.03262370397929488 -0.1507225715045066 -0.1440901061204689 -0.1672562296091197 -0.1268602553635492 0.4842471303273465 -0.1738329507369544 -0.2372622058642964 -0.1256683374394358 -0.2104944744638403 0.3938387025676197 -0.1895401089356283 -0.1815908811253041 0.4751442315458762 -0.1250123037704019 -0.1407917990384607 -0.2621364790095194 -0.1859195873225426 -0.1444730071106341 -0.1963075235355601 0.4044941574880625 -0.2137639457327815 -0.1984844764104476 0.4937951217963467 -0.144658531836535 -0.1971797908274695 -0.2561301646530794 -0.1090064083266495 -0.2034381160974477 0.3937319661853121 -0.2107890260077943 -0.2387915572712183 -0.08228152896217249 -0.160555839476638
